VECTOR OF CLASS1 FROM DATASET:

[110.  88.  97.  56.  86. 154. 192.  73.  69.]
[141. 131. 159.  80. 139. 160. 200. 133. 100.]
[ 98.  83.  89. 100. 144. 158. 199.  90.  77.]
[105.  87.  89.  80. 111. 158. 197.  84.  78.]
[131. 122. 147.  70. 128. 151. 185. 102.  91.]
[107.  90.  99.  78. 119. 163. 207.  87.  78.]
[115. 110. 122. 104. 155. 160. 202. 103.  99.]
[ 98.  81.  83.  63.  77. 156. 192.  60.  62.]
[101.  78.  75.  64.  83. 152. 187.  58.  61.]
[120. 116. 136.  85. 146. 151. 185. 112.  85.]
[109.  93. 104.  68. 120. 157. 196.  99.  73.]
[111. 103. 109.  84. 149. 152. 187. 129.  72.]
[ 96.  83.  94.  86. 112. 150. 184.  76.  54.]
[ 85.  68.  64.  80.  89. 156. 193.  57.  61.]
[ 94.  80.  83.  96. 131. 158. 197.  88.  71.]
[ 97.  93. 105.  95. 150. 155. 193. 106.  81.]
[ 87.  73.  71.  91. 102. 156. 195.  65.  57.]
[106.  93. 105.  89. 137. 139. 164.  89.  72.]
[ 76.  64.  56.  82.  93. 158. 197.  54.  54.]
[ 96.  78.  83.  67. 100. 152. 189.  76.  62.]
[ 89.  79.  74.  85. 103. 160. 201.  66.  71.]
[ 89.  78.  91.  86. 169. 154. 190. 108.  72.]
[ 98.  87.  97.  75. 118. 148. 182.  91.  64.]
[ 96.  80.  80.  63.  89. 158. 197.  65.  61.]
[131. 120. 128.  61.  98. 163. 206. 100.  79.]
[102.  83.  83.  62. 100. 154. 190.  90.  65.]
[103.  88.  89.  85. 117. 151. 185.  93.  74.]
[ 79.  67.  55.  82. 116. 158. 199.  85.  93.]
[115.  93.  99.  64.  93. 152. 186.  87.  69.]
[102.  91. 109.  84. 156. 153. 189. 103.  58.]
[123. 111. 121.  71. 106. 156. 194.  87.  73.]
[ 97.  82.  87.  81. 124. 157. 195. 100.  73.]
[ 85.  71.  69.  71.  84. 157. 196.  59.  56.]
[ 93.  82.  79.  85.  90. 153. 190.  73.  65.]
[ 95.  75.  73.  88. 102. 156. 194.  64.  85.]
[ 81.  70.  76.  72. 123. 153. 189.  71.  58.]
[113. 103. 119.  87. 149. 158. 199. 115.  94.]
[ 94.  82.  86.  98. 161. 152. 188. 103.  85.]
[104.  96. 106.  73. 125. 149. 182. 100.  69.]
[ 90.  78.  74.  72.  97. 154. 189.  62.  68.]
[108.  96. 101.  69. 105. 156. 194.  86.  65.]
[120. 102. 111.  83. 115. 156. 195. 100.  88.]
[ 96.  81.  90.  73.  85. 154. 192.  64.  62.]
[101.  84.  91.  66.  93. 151. 186.  78.  70.]
[ 98.  85.  95.  91. 138. 150. 185.  98.  75.]
[126. 109. 118.  63. 115. 160. 200.  94.  91.]
[ 93.  77.  75.  68.  95. 152. 187.  73.  68.]
[121. 103. 111.  67. 117. 153. 189. 104.  74.]
[135. 112. 120.  63. 131. 169. 217. 128.  62.]
[ 87.  72.  75.  93. 118. 152. 187.  72. 120.]
[113.  97. 106.  81. 128. 157. 197. 106.  72.]
[ 91.  77.  83. 101. 167. 155. 193.  97.  88.]
[ 99.  86.  81.  64.  89. 156. 194.  72.  52.]
[ 84.  66.  63.  90.  79. 158. 198.  52.  61.]
[ 92.  75.  80.  70.  94. 155. 191.  71.  53.]
[ 94.  86. 105.  80. 130. 153. 190.  96.  60.]
[ 91.  78.  79.  80. 107. 158. 197.  77.  64.]
[103.  91.  98.  92. 172. 153. 187. 113.  76.]
[124. 108. 120.  63. 116. 158. 198.  97.  59.]
[112. 106. 113.  81. 140. 157. 196. 106.  77.]
[109. 107. 127.  92. 159. 149. 181. 112.  78.]
[106.  90.  99.  64. 112. 151. 186.  94.  64.]
[ 92.  76.  77.  85.  89. 156. 194.  59.  68.]
[ 85.  72.  82.  83. 152. 155. 194.  99.  85.]
[119. 101. 113.  63. 104. 154. 190.  91.  60.]
[112.  97. 100.  58.  92. 156. 195.  79.  64.]
[102.  88.  91.  65.  89. 156. 195.  87.  67.]
[ 99.  89.  89.  86. 109. 152. 187.  79.  62.]
[129. 119. 132.  68. 123. 168. 218. 118.  91.]
[113. 109. 147.  87. 151. 153. 189. 128.  91.]
[124. 112. 123.  64. 125. 157. 196. 117.  78.]
[138. 120. 141.  78. 142. 157. 197. 126. 122.]
[ 99.  87.  96.  89. 137. 155. 191.  96.  84.]
[ 79.  69.  70.  84. 127. 159. 201.  74.  66.]
[ 94.  78.  82.  83. 116. 157. 196.  80.  63.]
[ 88.  67.  61. 104.  91. 165. 210.  55.  76.]
[111. 101. 123.  75. 149. 156. 195. 118.  93.]
[ 91.  82.  78.  93. 137. 155. 192.  77.  78.]
[113. 105. 120.  78. 130. 156. 195. 105.  71.]
[103.  85.  88.  69.  98. 153. 190.  90.  62.]
[ 83.  65.  56.  83.  88. 158. 198.  51.  61.]
[113.  97. 105.  68.  86. 150. 184.  77.  70.]
[100.  87.  90.  80. 111. 155. 192.  83.  78.]
[131. 122. 138.  87. 159. 158. 198. 132.  70.]
[ 97.  85. 110.  77. 164. 148. 181. 124.  86.]
[102.  87.  91.  63.  71. 157. 197.  62.  54.]
[ 97.  89. 111.  98. 135. 155. 193.  97.  58.]
[115. 102. 109.  83. 111. 152. 187.  94.  79.]
[103.  83.  89.  83. 125. 150. 185.  84.  61.]
[106. 101. 119. 100. 165. 157. 195. 122.  86.]
[118. 104. 114.  76. 134. 152. 188. 119.  67.]
[ 83.  68.  70.  89. 138. 157. 196.  81.  68.]
[ 94.  78.  76.  63.  82. 155. 192.  60.  63.]
[131. 124. 141.  79. 135. 151. 185. 128.  93.]
[ 82.  71.  69. 107. 142. 158. 199.  77.  80.]
[117. 101. 109.  94. 104. 146. 177.  66.  88.]
[102.  87.  93.  71. 100. 163. 207.  79.  64.]
[ 84.  70.  71.  98. 153. 154. 192.  93.  55.]
[108.  87.  89.  50.  78. 184. 244.  73.  64.]
[107.  95. 105.  76. 114. 157. 197.  91.  66.]
[ 93.  92. 116.  99. 171. 153. 189. 112.  84.]
[ 85.  67.  64.  79. 117. 156. 193.  73.  64.]
[112. 104. 123.  81. 141. 158. 196. 110.  73.]
[ 96.  75.  76.  55.  70. 153. 188.  52.  80.]
[ 91.  79.  79. 100. 148. 159. 199. 102.  87.]
[ 96.  79.  78.  50.  84. 161. 204.  83.  77.]
[ 92.  79.  81.  73. 112. 153. 189.  78.  60.]
[104.  84.  90.  83. 108. 156. 194.  77.  64.]
[113. 101. 108.  69. 118. 158. 196. 100.  66.]
[ 90.  72.  73.  83. 107. 158. 198.  74.  63.]
[115.  99. 106.  66.  99. 156. 193.  88. 101.]
[102.  83.  90.  71.  76. 154. 192.  61.  63.]
[ 80.  69.  70.  93. 129. 156. 194.  79.  55.]
[111.  97. 108.  66.  93. 159. 199.  83.  63.]
[104.  91.  98. 102. 135. 154. 190.  95.  90.]
[ 92.  75.  82.  81. 103. 149. 182.  68.  53.]
[ 83.  71.  68.  82.  87. 155. 194.  58.  59.]
[110. 104. 117.  75. 155. 149. 183. 140.  92.]
[ 87.  78.  73.  97. 128. 158. 197.  75. 100.]
[ 87.  79.  83.  97. 153. 155. 190.  92.  87.]
[ 92.  80.  87.  93. 147. 158. 197. 105.  81.]
[ 95.  80.  83.  68.  89. 152. 188.  71.  61.]
[101.  90.  98.  82. 124. 161. 203.  91.  70.]
[110.  87.  88.  46.  59. 181. 241.  57.  69.]
[101.  88.  93.  94. 118. 156. 194.  93.  76.]
[ 81.  65.  58.  67.  81. 158. 197.  51.  55.]
[126. 110. 113.  94. 133. 153. 190. 115.  82.]
[103.  87.  93.  72. 129. 159. 200.  99.  92.]
[100.  88.  98.  82. 150. 158. 198. 108.  72.]
[110. 112. 145.  77. 177. 147. 177. 138.  89.]
[ 85.  73.  67.  89.  93. 158. 199.  58.  83.]
[106.  91.  97.  71. 104. 162. 205.  82.  65.]
[106.  94. 101.  76. 107. 153. 188.  81.  56.]
[110. 101. 128.  72. 170. 152. 186. 139.  82.]
[129. 119. 135.  79. 134. 150. 182. 130.  70.]
[100.  83.  80.  86.  84. 156. 195.  63.  73.]
[106.  92.  98.  87. 114. 160. 201.  88.  62.]
[ 91.  86.  89. 106. 157. 157. 197.  89.  86.]
[ 95.  86.  95.  68. 111. 156. 195.  84.  53.]
[ 98.  85.  87.  82. 110. 165. 212.  75.  80.]
[110.  90.  97.  72. 105. 148. 180.  87.  64.]
[122. 103. 112.  73. 105. 171. 221.  90.  78.]
[ 95.  81.  75.  92.  94. 165. 210.  58.  77.]
[ 99.  90.  94.  94. 146. 154. 189.  93.  94.]
[109.  97. 108.  77. 146. 155. 193. 108.  85.]
[ 88.  76.  73.  86. 106. 157. 195.  64.  69.]
[ 90.  73.  69.  68.  93. 157. 195.  67.  54.]
[130. 121. 141.  91. 122. 153. 189.  90. 143.]
[103.  93.  95.  89. 144. 156. 194. 102.  83.]
[ 92.  76.  77.  86. 134. 159. 199.  87.  79.]
[ 93.  81.  79.  66.  99. 157. 195.  72.  54.]
[101.  85.  91.  79. 108. 153. 190.  76.  65.]
[ 96.  84.  94.  81. 159. 155. 192. 107.  68.]
[ 92.  75.  72.  89.  72. 160. 202.  51.  69.]
[ 98.  90. 110.  82. 131. 146. 176.  91.  81.]
[104.  95. 107.  88. 153. 155. 191. 106.  81.]
[ 92.  80.  85.  65.  96. 158. 199.  80.  78.]
[ 99.  85.  82.  87.  94. 149. 183.  71.  70.]
[122. 111. 130.  84. 128. 158. 199. 109.  98.]
[115.  99. 107.  65.  94. 159. 200.  82.  66.]
[147. 137. 154.  86. 152. 151. 186. 157.  64.]
[ 96.  85.  91.  80. 120. 150. 182.  95.  55.]
[ 99.  96. 107.  98. 124. 151. 185.  93. 109.]
[115. 105. 103. 128. 102. 140. 166.  56.  76.]
[ 98.  85.  88.  73. 118. 160. 201.  88.  58.]
[ 89.  82.  86.  98. 167. 152. 187. 100.  89.]
[ 89.  77.  75.  69.  89. 156. 195.  67.  58.]
[ 83.  70.  68.  85. 142. 157. 196.  93.  77.]
[ 92.  77.  76.  90. 121. 155. 194.  82.  83.]
[124. 110. 127.  69. 111. 161. 204.  91.  68.]
[117. 114. 128.  66. 119. 149. 182.  98.  75.]
[ 89.  77.  81.  90. 133. 155. 194.  86.  74.]
[ 91.  79.  87.  77. 148. 154. 192. 106.  65.]
[ 90.  83.  90.  88. 146. 152. 188.  96.  71.]
[116. 102. 109.  78. 125. 162. 206. 106.  69.]
[ 90.  80.  87.  90. 168. 153. 188. 104.  66.]
[100.  87.  81.  57.  87. 157. 195.  76.  65.]
[100.  91. 102.  87. 129. 154. 192.  90.  68.]
[107.  89.  92.  54.  62. 169. 218.  56.  55.]
[ 97.  87. 108.  83. 169. 159. 198. 118.  72.]
[112. 103. 109. 117. 108. 145. 175.  67.  84.]
[117.  98. 108.  80. 134. 153. 190. 110.  67.]
[113. 103. 116.  77. 124. 159. 199. 101.  73.]
[105.  86.  91.  73. 109. 154. 192.  90.  73.]
[118. 107. 112. 105. 141. 154. 192.  83.  99.]
[ 85.  77.  83.  98. 151. 156. 195.  90.  75.]
[113.  95. 107.  69. 120. 149. 181. 105.  65.]
[ 97.  80.  88.  79. 135. 152. 188. 100.  72.]
[106. 100. 124.  83. 139. 157. 195. 104.  72.]
[111.  95. 102.  71. 108. 156. 193.  92.  70.]
[102.  89. 100.  94. 157. 161. 205.  98.  78.]
[ 88.  71.  61.  79.  95. 155. 192.  72.  65.]
[ 92.  83.  82. 106. 150. 155. 193.  90.  87.]
[104.  89. 109.  59. 118. 165. 210.  94.  72.]
[101.  94.  97. 104. 161. 152. 188. 118.  94.]
[105.  93. 103.  68. 148. 147. 177. 139.  64.]
[100.  88.  95.  85. 127. 158. 197.  83.  80.]
[121. 108. 116.  96. 163. 155. 193. 150.  85.]
[100.  83.  79.  78. 100. 153. 191.  72.  69.]
[ 97.  96. 114.  87. 154. 147. 178. 124.  90.]
[ 94.  87.  94.  95. 141. 160. 201.  98.  82.]
[ 98.  83.  86.  81. 107. 154. 191.  85.  62.]
[115. 107. 119.  79. 134. 157. 196. 112.  78.]
[ 93.  76.  70.  96.  99. 156. 195.  68.  78.]
[ 84.  76.  76. 101. 128. 158. 197.  79.  77.]
[101.  82.  87.  72.  99. 160. 201.  74.  67.]
[116. 101. 120.  69. 123. 159. 198.  96.  72.]
[153. 141. 163.  73. 143. 166. 213. 166.  83.]
[122. 109. 123.  65. 127. 157. 196. 110.  75.]
[104.  89.  96.  84. 153. 155. 193.  93.  71.]
[ 90.  83.  96.  84. 107. 159. 201.  70.  66.]
[ 99.  87.  99.  71. 139. 152. 187. 109.  71.]
[104.  89.  93.  56.  99. 164. 207.  88.  41.]
[ 85.  69.  69.  84. 136. 157. 197.  77.  64.]
[ 89.  74.  83.  73. 160. 161. 203. 102.  66.]
[ 86.  73.  77.  81. 127. 158. 197.  89.  76.]
[107.  91. 101.  62.  92. 163. 208.  80.  61.]
[ 80.  67.  62.  93.  95. 158. 198.  61.  72.]
[ 81.  69.  67.  90.  97. 156. 193.  57.  52.]
[ 89.  67.  66.  43.  69. 155. 192.  54.  61.]
[ 80.  67.  68.  69.  95. 153. 189.  72.  56.]
[108.  93. 101.  68.  82. 163. 208.  64.  67.]
[ 88.  80.  89.  98. 121. 155. 192.  88. 116.]
[133. 112. 127.  68. 120. 160. 203. 113.  78.]
[110.  90.  96.  55.  71. 165. 209.  73.  60.]
